4971 0.21005912125110626 0.6266627311706543
4962 0.22604541480541229 0.31989952921867371
3370 0.11070374399423599 0.1800529956817627
3361 0.36655130982398987 0.2222047746181488
4960 0.56766051054000854 0.0189791489392519
2030 0.333 0.333
2072 0.333 0.333
2073 0.333 0.333
2074 0.333 0.333
2075 0.333 0.333
2080 0.333 0.333
2081 0.333 0.333
2082 0.333 0.333
2083 0.333 0.333
2084 0.333 0.333
2085 0.333 0.333
2086 0.333 0.333
2087 0.333 0.333
2088 0.333 0.333
2089 0.333 0.333
2090 0.333 0.333
2091 0.333 0.333
2092 0.333 0.333
2093 0.333 0.333
2094 0.333 0.333
2095 0.333 0.333
2096 0.333 0.333
2097 0.333 0.333
2098 0.333 0.333
2099 0.333 0.333
2100 0.333 0.333
2101 0.333 0.333
2102 0.333 0.333
2103 0.333 0.333
2152 0.333 0.333
2153 0.333 0.333
2159 0.333 0.333
3355 0.333 0.333
3356 0.333 0.333
3357 0.333 0.333
3361 0.333 0.333
3362 0.333 0.333
3363 0.333 0.333
3364 0.333 0.333
3365 0.333 0.333
3366 0.333 0.333
3367 0.333 0.333
3368 0.333 0.333
3369 0.333 0.333
3370 0.333 0.333
3371 0.333 0.333
3372 0.333 0.333
3373 0.333 0.333
3374 0.333 0.333
3375 0.333 0.333
4960 0.333 0.333
4961 0.333 0.333
4962 0.333 0.333
4963 0.333 0.333
4964 0.333 0.333
4965 0.333 0.333
4966 0.333 0.333
4967 0.333 0.333
4968 0.333 0.333
4969 0.333 0.333
4970 0.333 0.333
4971 0.333 0.333
4973 0.333 0.333
4975 0.333 0.333
4976 0.333 0.333
4977 0.333 0.333
4978 0.333 0.333
4979 0.333 0.333
4981 0.333 0.333
4984 0.333 0.333
4985 0.333 0.333
5478 0.333 0.333
5538 0.333 0.333
5539 0.333 0.333
5540 0.333 0.333
5541 0.333 0.333
5544 0.333 0.333
5545 0.333 0.333
5546 0.333 0.333
5547 0.333 0.333
5548 0.333 0.333
5549 0.333 0.333
5550 0.333 0.333
5551 0.333 0.333
5552 0.333 0.333
5553 0.333 0.333
5554 0.333 0.333
5555 0.333 0.333
5556 0.333 0.333
5557 0.333 0.333
5558 0.333 0.333
5559 0.333 0.333
5560 0.333 0.333
5561 0.333 0.333
5562 0.333 0.333
5563 0.333 0.333
5564 0.333 0.333
5565 0.333 0.333
5566 0.333 0.333
5567 0.333 0.333
5620 0.333 0.333

