696 0.333 0.333
697 0.333 0.333
702 0.333 0.333
703 0.333 0.333
704 0.333 0.333
705 0.333 0.333
706 0.333 0.333
707 0.333 0.333
708 0.333 0.333
709 0.333 0.333
710 0.333 0.333
711 0.333 0.333
926 0.333 0.333
928 0.333 0.333
929 0.333 0.333
930 0.333 0.333
931 0.333 0.333
933 0.333 0.333
934 0.333 0.333
935 0.333 0.333
944 0.333 0.333
945 0.333 0.333
946 0.333 0.333
947 0.333 0.333
948 0.333 0.333
949 0.333 0.333
950 0.333 0.333
951 0.333 0.333
982 0.333 0.333
983 0.333 0.333
1944 0.333 0.333
1945 0.333 0.333
1946 0.333 0.333
1947 0.333 0.333
1948 0.333 0.333
1949 0.333 0.333
1950 0.333 0.333
1951 0.333 0.333
1952 0.333 0.333
1953 0.333 0.333
1954 0.333 0.333
1955 0.333 0.333
1956 0.333 0.333
1957 0.333 0.333
1958 0.333 0.333
1959 0.333 0.333
1960 0.333 0.333
1961 0.333 0.333
1962 0.333 0.333
1963 0.333 0.333
1964 0.333 0.333
1965 0.333 0.333
1966 0.333 0.333
1967 0.333 0.333
2004 0.333 0.333
2005 0.333 0.333
2006 0.333 0.333
2007 0.333 0.333
2032 0.333 0.333
2033 0.333 0.333
2034 0.333 0.333
2035 0.333 0.333
2036 0.333 0.333
2037 0.333 0.333
2038 0.333 0.333
2039 0.333 0.333
2040 0.333 0.333
2041 0.333 0.333
2042 0.333 0.333
2043 0.333 0.333
2044 0.333 0.333
2045 0.333 0.333
2046 0.333 0.333
2047 0.333 0.333
2048 0.333 0.333
2049 0.333 0.333
2050 0.333 0.333
2051 0.333 0.333
2052 0.333 0.333
2053 0.333 0.333
2054 0.333 0.333
2055 0.333 0.333
2104 0.333 0.333
2105 0.333 0.333
2107 0.333 0.333
2108 0.333 0.333
2109 0.333 0.333
2110 0.333 0.333
2111 0.333 0.333
2112 0.333 0.333
2113 0.333 0.333
2114 0.333 0.333
2115 0.333 0.333
2116 0.333 0.333
2117 0.333 0.333
2118 0.333 0.333
2119 0.333 0.333
2120 0.333 0.333
2121 0.333 0.333
2122 0.333 0.333
2123 0.333 0.333
2124 0.333 0.333
2125 0.333 0.333
2126 0.333 0.333
2127 0.333 0.333
2168 0.333 0.333
2169 0.333 0.333
2170 0.333 0.333
2171 0.333 0.333
2172 0.333 0.333
2173 0.333 0.333
2174 0.333 0.333
2175 0.333 0.333
2176 0.333 0.333
2177 0.333 0.333
2179 0.333 0.333
2180 0.333 0.333
2181 0.333 0.333
2182 0.333 0.333
2183 0.333 0.333
2224 0.333 0.333
2225 0.333 0.333
2226 0.333 0.333
2227 0.333 0.333
2228 0.333 0.333
2229 0.333 0.333
2230 0.333 0.333
2231 0.333 0.333
2232 0.333 0.333
2233 0.333 0.333
2234 0.333 0.333
2235 0.333 0.333
2236 0.333 0.333
2237 0.333 0.333
2238 0.333 0.333
2239 0.333 0.333
2240 0.333 0.333
2241 0.333 0.333
2242 0.333 0.333
2243 0.333 0.333
2244 0.333 0.333
2245 0.333 0.333
2246 0.333 0.333
2247 0.333 0.333
2280 0.333 0.333
2285 0.333 0.333
2286 0.333 0.333
2287 0.333 0.333
3377 0.333 0.333
3378 0.333 0.333
3379 0.333 0.333
3380 0.333 0.333
3384 0.333 0.333
3385 0.333 0.333
3386 0.333 0.333
3387 0.333 0.333
3388 0.333 0.333
3389 0.333 0.333
3390 0.333 0.333
3391 0.333 0.333
3392 0.333 0.333
3393 0.333 0.333
3394 0.333 0.333
3395 0.333 0.333
3396 0.333 0.333
3397 0.333 0.333
3398 0.333 0.333
3399 0.333 0.333
4112 0.333 0.333
4113 0.333 0.333
4114 0.333 0.333
4115 0.333 0.333
4116 0.333 0.333
4117 0.333 0.333
4118 0.333 0.333
4119 0.333 0.333
4345 0.333 0.333
4346 0.333 0.333
4347 0.333 0.333
4348 0.333 0.333
4349 0.333 0.333
4350 0.333 0.333
4351 0.333 0.333
4368 0.333 0.333
4369 0.333 0.333
4370 0.333 0.333
4371 0.333 0.333
4372 0.333 0.333
4373 0.333 0.333
4374 0.333 0.333
4375 0.333 0.333
4736 0.333 0.333
4737 0.333 0.333
4738 0.333 0.333
4739 0.333 0.333
4740 0.333 0.333
4741 0.333 0.333
4742 0.333 0.333
4743 0.333 0.333
4760 0.333 0.333
4761 0.333 0.333
4762 0.333 0.333
4763 0.333 0.333
4764 0.333 0.333
4765 0.333 0.333
4766 0.333 0.333
4767 0.333 0.333
4953 0.333 0.333
4954 0.333 0.333
4955 0.333 0.333
5392 0.333 0.333
5393 0.333 0.333
5394 0.333 0.333
5395 0.333 0.333
5396 0.333 0.333
5397 0.333 0.333
5398 0.333 0.333
5399 0.333 0.333
5400 0.333 0.333
5401 0.333 0.333
5402 0.333 0.333
5403 0.333 0.333
5404 0.333 0.333
5405 0.333 0.333
5406 0.333 0.333
5407 0.333 0.333
5408 0.333 0.333
5409 0.333 0.333
5410 0.333 0.333
5411 0.333 0.333
5412 0.333 0.333
5413 0.333 0.333
5414 0.333 0.333
5415 0.333 0.333
5448 0.333 0.333
5449 0.333 0.333
5454 0.333 0.333
5455 0.333 0.333
5480 0.333 0.333
5481 0.333 0.333
5482 0.333 0.333
5483 0.333 0.333
5484 0.333 0.333
5485 0.333 0.333
5486 0.333 0.333
5487 0.333 0.333
5488 0.333 0.333
5489 0.333 0.333
5490 0.333 0.333
5491 0.333 0.333
5492 0.333 0.333
5493 0.333 0.333
5494 0.333 0.333
5495 0.333 0.333
5496 0.333 0.333
5497 0.333 0.333
5498 0.333 0.333
5499 0.333 0.333
5500 0.333 0.333
5501 0.333 0.333
5502 0.333 0.333
5503 0.333 0.333
5542 0.333 0.333
5568 0.333 0.333
5569 0.333 0.333
5570 0.333 0.333
5571 0.333 0.333
5572 0.333 0.333
5573 0.333 0.333
5574 0.333 0.333
5575 0.333 0.333
5576 0.333 0.333
5577 0.333 0.333
5578 0.333 0.333
5579 0.333 0.333
5580 0.333 0.333
5581 0.333 0.333
5582 0.333 0.333
5583 0.333 0.333
5584 0.333 0.333
5585 0.333 0.333
5586 0.333 0.333
5587 0.333 0.333
5588 0.333 0.333
5589 0.333 0.333
5590 0.333 0.333
5591 0.333 0.333
5632 0.333 0.333
5633 0.333 0.333
5634 0.333 0.333
5635 0.333 0.333
5636 0.333 0.333
5637 0.333 0.333
5638 0.333 0.333
5639 0.333 0.333
5640 0.333 0.333
5641 0.333 0.333
5642 0.333 0.333
5643 0.333 0.333
5644 0.333 0.333
5645 0.333 0.333
5646 0.333 0.333
5647 0.333 0.333
5680 0.333 0.333
5681 0.333 0.333
5688 0.333 0.333
5689 0.333 0.333
5690 0.333 0.333
5691 0.333 0.333
5692 0.333 0.333
5693 0.333 0.333
5694 0.333 0.333
5695 0.333 0.333
5696 0.333 0.333
5697 0.333 0.333
5698 0.333 0.333
5699 0.333 0.333
5700 0.333 0.333
5701 0.333 0.333
5702 0.333 0.333
5703 0.333 0.333
5704 0.333 0.333
5705 0.333 0.333
5706 0.333 0.333
5707 0.333 0.333
5708 0.333 0.333
5709 0.333 0.333
5710 0.333 0.333
5711 0.333 0.333
5718 0.333 0.333
5744 0.333 0.333
5748 0.333 0.333
5749 0.333 0.333
5750 0.333 0.333
5751 0.333 0.333 
