4697 0.051061667501926422 0.91571468114852905
4927 0.52633172273635864 0.16661179065704346
1495 0.6403803825378418 0.11974932998418808
2511 0.075909420847892761 0.92242610454559326
5453 0.36664748191833496 0.3312879204750061
2001 0.34308472275733948 0.14621366560459137
8299 0.35477375984191895 0.57291513681411743
1682 0.98699706792831421 0.0083646457642316818
5472 0.1030188649892807 0.87767964601516724
6338 0.63640832901000977 0.1217145100235939
2036 0.1321670264005661 0.85539776086807251
4942 0.90376943349838257 0.053422704339027405
