16617 0.333 0.333
16643 0.333 0.333
16645 0.333 0.333
16768 0.333 0.333
16783 0.333 0.333
16784 0.333 0.333
16785 0.333 0.333
16786 0.333 0.333
16787 0.333 0.333
16788 0.333 0.333
16789 0.333 0.333
16790 0.333 0.333
16791 0.333 0.333
16793 0.333 0.333
16794 0.333 0.333
16796 0.333 0.333
16797 0.333 0.333
16798 0.333 0.333
16800 0.333 0.333
16801 0.333 0.333
16802 0.333 0.333
16803 0.333 0.333
16804 0.333 0.333
16836 0.333 0.333
16837 0.333 0.333
16838 0.333 0.333
16839 0.333 0.333
16840 0.333 0.333
16841 0.333 0.333
16844 0.333 0.333
16846 0.333 0.333
16847 0.333 0.333
16880 0.333 0.333
16881 0.333 0.333
16882 0.333 0.333
16883 0.333 0.333
16884 0.333 0.333
16885 0.333 0.333
16887 0.333 0.333
16892 0.333 0.333
16908 0.333 0.333
16909 0.333 0.333
16910 0.333 0.333
16912 0.333 0.333
16913 0.333 0.333
16914 0.333 0.333
16915 0.333 0.333
16916 0.333 0.333
16917 0.333 0.333
16918 0.333 0.333
16919 0.333 0.333
16920 0.333 0.333
16921 0.333 0.333
16922 0.333 0.333
16923 0.333 0.333
16924 0.333 0.333
16925 0.333 0.333
16926 0.333 0.333
16927 0.333 0.333
16928 0.333 0.333
16929 0.333 0.333
16934 0.333 0.333
16935 0.333 0.333
16936 0.333 0.333
16942 0.333 0.333
16953 0.333 0.333
16955 0.333 0.333
16956 0.333 0.333
16957 0.333 0.333
16958 0.333 0.333
16959 0.333 0.333
16961 0.333 0.333
16962 0.333 0.333
16963 0.333 0.333
16964 0.333 0.333
16965 0.333 0.333
16966 0.333 0.333
16968 0.333 0.333
16969 0.333 0.333
16970 0.333 0.333
16971 0.333 0.333
16972 0.333 0.333
16973 0.333 0.333
16974 0.333 0.333
16975 0.333 0.333
16978 0.333 0.333
16979 0.333 0.333
16980 0.333 0.333
16981 0.333 0.333
16987 0.333 0.333
16989 0.333 0.333
16990 0.333 0.333
16992 0.333 0.333
16993 0.333 0.333
16994 0.333 0.333
16995 0.333 0.333
16996 0.333 0.333
16997 0.333 0.333
16999 0.333 0.333
17000 0.333 0.333
17001 0.333 0.333
17002 0.333 0.333
17003 0.333 0.333
17004 0.333 0.333
17005 0.333 0.333
17006 0.333 0.333
17007 0.333 0.333
17008 0.333 0.333
17009 0.333 0.333
17010 0.333 0.333
17011 0.333 0.333
17012 0.333 0.333
17013 0.333 0.333
17014 0.333 0.333
17015 0.333 0.333
17016 0.333 0.333
17017 0.333 0.333
17019 0.333 0.333
17021 0.333 0.333
17022 0.333 0.333
17023 0.333 0.333
17024 0.333 0.333
17030 0.333 0.333
17037 0.333 0.333
17041 0.333 0.333
17046 0.333 0.333
17047 0.333 0.333
17088 0.333 0.333
17089 0.333 0.333
17090 0.333 0.333
17091 0.333 0.333
17092 0.333 0.333
17093 0.333 0.333
17094 0.333 0.333
17095 0.333 0.333
17096 0.333 0.333
17097 0.333 0.333
17098 0.333 0.333
17099 0.333 0.333
17100 0.333 0.333
17101 0.333 0.333
17102 0.333 0.333
17103 0.333 0.333
17104 0.333 0.333
17141 0.333 0.333
17142 0.333 0.333
17143 0.333 0.333
17149 0.333 0.333
17169 0.333 0.333
17175 0.333 0.333
17817 0.333 0.333
17818 0.333 0.333
17819 0.333 0.333
17820 0.333 0.333
17822 0.333 0.333
17823 0.333 0.333
18352 0.333 0.333
18353 0.333 0.333
18354 0.333 0.333
18355 0.333 0.333
18356 0.333 0.333
18357 0.333 0.333
18358 0.333 0.333
18359 0.333 0.333
18360 0.333 0.333
18361 0.333 0.333
18362 0.333 0.333
18363 0.333 0.333
18364 0.333 0.333
18365 0.333 0.333
18366 0.333 0.333
18367 0.333 0.333
18368 0.333 0.333
18369 0.333 0.333
18370 0.333 0.333
18371 0.333 0.333
18372 0.333 0.333
18373 0.333 0.333
18375 0.333 0.333
18764 0.333 0.333
18765 0.333 0.333
18766 0.333 0.333
18767 0.333 0.333
18769 0.333 0.333
18770 0.333 0.333
18771 0.333 0.333
18772 0.333 0.333
18774 0.333 0.333
18775 0.333 0.333
18969 0.333 0.333
18974 0.333 0.333
18994 0.333 0.333
19122 0.333 0.333
19123 0.333 0.333
19131 0.333 0.333
19162 0.333 0.333
19281 0.333 0.333
19283 0.333 0.333
19284 0.333 0.333
19285 0.333 0.333
19288 0.333 0.333
19289 0.333 0.333
19294 0.333 0.333
19295 0.333 0.333
19304 0.333 0.333
19305 0.333 0.333
19306 0.333 0.333
19307 0.333 0.333
19308 0.333 0.333
19309 0.333 0.333
19310 0.333 0.333
19311 0.333 0.333
19312 0.333 0.333
19313 0.333 0.333
19314 0.333 0.333
19315 0.333 0.333
19316 0.333 0.333
19317 0.333 0.333
19318 0.333 0.333
19319 0.333 0.333
19327 0.333 0.333
19354 0.333 0.333
19355 0.333 0.333
19356 0.333 0.333
19357 0.333 0.333
19362 0.333 0.333
19363 0.333 0.333
19392 0.333 0.333
19394 0.333 0.333
19400 0.333 0.333
19401 0.333 0.333
19402 0.333 0.333
19403 0.333 0.333
19404 0.333 0.333
19405 0.333 0.333
19406 0.333 0.333
19407 0.333 0.333
19416 0.333 0.333
19419 0.333 0.333
19421 0.333 0.333
19423 0.333 0.333
19424 0.333 0.333
19425 0.333 0.333
19426 0.333 0.333
19427 0.333 0.333
19428 0.333 0.333
19429 0.333 0.333
19430 0.333 0.333
19431 0.333 0.333
19432 0.333 0.333
19433 0.333 0.333
19434 0.333 0.333
19435 0.333 0.333
19436 0.333 0.333
19437 0.333 0.333
19438 0.333 0.333
19439 0.333 0.333
19440 0.333 0.333
19441 0.333 0.333
19442 0.333 0.333
19443 0.333 0.333
19444 0.333 0.333
19445 0.333 0.333
19446 0.333 0.333
19447 0.333 0.333
19448 0.333 0.333
19450 0.333 0.333
19472 0.333 0.333
19473 0.333 0.333
19474 0.333 0.333
19475 0.333 0.333
19476 0.333 0.333
19477 0.333 0.333
19478 0.333 0.333
19479 0.333 0.333
19484 0.333 0.333
19485 0.333 0.333
19486 0.333 0.333
19487 0.333 0.333
19488 0.333 0.333
19489 0.333 0.333
19490 0.333 0.333
19491 0.333 0.333
19492 0.333 0.333
19493 0.333 0.333
19494 0.333 0.333
19495 0.333 0.333
19497 0.333 0.333
19499 0.333 0.333
19500 0.333 0.333
19501 0.333 0.333
19502 0.333 0.333
19503 0.333 0.333
19504 0.333 0.333
19505 0.333 0.333
19506 0.333 0.333
19507 0.333 0.333
19508 0.333 0.333
19509 0.333 0.333
19510 0.333 0.333
19511 0.333 0.333
19512 0.333 0.333
19513 0.333 0.333
19514 0.333 0.333
19515 0.333 0.333
19516 0.333 0.333
19517 0.333 0.333
19518 0.333 0.333
19519 0.333 0.333
19520 0.333 0.333
19521 0.333 0.333
19522 0.333 0.333
19523 0.333 0.333
19524 0.333 0.333
19525 0.333 0.333
19526 0.333 0.333
19527 0.333 0.333
19528 0.333 0.333
19529 0.333 0.333
19530 0.333 0.333
19531 0.333 0.333
19532 0.333 0.333
19533 0.333 0.333
19534 0.333 0.333
19535 0.333 0.333
19536 0.333 0.333
19537 0.333 0.333
19538 0.333 0.333
19539 0.333 0.333
19540 0.333 0.333
19541 0.333 0.333
19542 0.333 0.333
19543 0.333 0.333
19554 0.333 0.333
19555 0.333 0.333
19556 0.333 0.333
19557 0.333 0.333
19558 0.333 0.333
19559 0.333 0.333
19561 0.333 0.333
19562 0.333 0.333
19563 0.333 0.333
19612 0.333 0.333
19613 0.333 0.333
19614 0.333 0.333
19615 0.333 0.333
19616 0.333 0.333
19617 0.333 0.333
19618 0.333 0.333
19619 0.333 0.333
19620 0.333 0.333
19621 0.333 0.333
19622 0.333 0.333
19623 0.333 0.333
19632 0.333 0.333
19634 0.333 0.333
19640 0.333 0.333
19642 0.333 0.333
19656 0.333 0.333
19657 0.333 0.333
19658 0.333 0.333
19659 0.333 0.333
19662 0.333 0.333
19665 0.333 0.333
19666 0.333 0.333
19667 0.333 0.333
19668 0.333 0.333
19669 0.333 0.333
19670 0.333 0.333
19671 0.333 0.333
19677 0.333 0.333
19679 0.333 0.333
19680 0.333 0.333
19681 0.333 0.333
19682 0.333 0.333
19683 0.333 0.333
19684 0.333 0.333
19731 0.333 0.333
19732 0.333 0.333
19733 0.333 0.333
19738 0.333 0.333
19753 0.333 0.333
19755 0.333 0.333
19758 0.333 0.333
19759 0.333 0.333
19776 0.333 0.333
19783 0.333 0.333
19784 0.333 0.333
19801 0.333 0.333
19802 0.333 0.333
19803 0.333 0.333
19804 0.333 0.333
19805 0.333 0.333
19806 0.333 0.333
19807 0.333 0.333
19808 0.333 0.333
19809 0.333 0.333
19810 0.333 0.333
19811 0.333 0.333
19812 0.333 0.333
19824 0.333 0.333
19825 0.333 0.333
19827 0.333 0.333
19828 0.333 0.333
19830 0.333 0.333
19868 0.333 0.333
19874 0.333 0.333
19875 0.333 0.333
19876 0.333 0.333
19888 0.333 0.333
19896 0.333 0.333
19897 0.333 0.333
19898 0.333 0.333
19899 0.333 0.333
19900 0.333 0.333
19901 0.333 0.333
19902 0.333 0.333
19903 0.333 0.333
19908 0.333 0.333
19910 0.333 0.333
19911 0.333 0.333
20044 0.333 0.333
20047 0.333 0.333
20057 0.333 0.333
20058 0.333 0.333
20872 0.333 0.333
20873 0.333 0.333
20874 0.333 0.333
20875 0.333 0.333
20876 0.333 0.333
20877 0.333 0.333
20878 0.333 0.333
20879 0.333 0.333
20880 0.333 0.333
20881 0.333 0.333
20882 0.333 0.333
20883 0.333 0.333
20884 0.333 0.333
20885 0.333 0.333
20886 0.333 0.333
20887 0.333 0.333
20888 0.333 0.333
20889 0.333 0.333
20890 0.333 0.333
20891 0.333 0.333
20892 0.333 0.333
20893 0.333 0.333
20894 0.333 0.333
20895 0.333 0.333
21282

